10
588 38 27 23
589 26 47 9
744 37 37 2
361 44 14 13
322 21 11 45
427 35 35 19
752 32 3 16
46 28 34 39
296 4 45 45
887 15 15 39
106920
39946
9168
68962
47717
66128
6934
115731
102835
92545
14927
128301
43348
105684
74576
42508
59706
8376
86850
67018
2035
24890
76995
45915
117602
128394
114405
4354
48719
110946
92737
85264
8216
10051
49665
75007
88760
125602
127361
21828
132004
5909
45833
106912
26288
125537
128923
114700
18202
131797
118506
115844
133675
10469
43632
110881
121703
53271
84319
112089
63605
59982
87451
107907
875
1669
119144
51329
58381
31933
15151
44595
109863
66022
70157
75581
44690
38172
42574
62960
23704
111097
129497
37056
31011
51685
16361
91911
78842
13429
82224
118207
24276
79635
32752
111861
47567
77593
67668
121989
