10
-323 20 13 10
-325 24 45 39
-327 28 30 30
-329 32 38 18
-331 36 46 49
-333 40 16 45
-331 36 20 47
-329 32 45 50
-327 28 44 30
-325 24 44 2 
0
1
285613
185251
177581
294739
274342
44569
204545
13423
243030
38905
298453
10302
15861
24008
18260
200362
207018
113528
325377
109425
54145
181084
226439
196353
218553
41859
190116
79365
55223
48897
129924
69839
272425
199259
268318
165915
124329
259408
323713
28219
194962
75329
145496
134349
237456
64395
87622
39003
160788
284640
14138
66736
340576
313822
222246
197050
190578
254909
133237
151322
21315
17959
78248
304987
299306
184497
145064
8544
99132
105162
340816
164859
19472
99061
221734
311238
275550
184018
66127
94210
326367
39129
6059
240588
68831
145784
82111
72403
9128
243224
263857
73927
254675
194781
175835
199798
102100
148177
25206
339545
346664
346665
