10
-184 13 25 50
-184 13 31 14
-184 13 21 37
-184 13 19 24
-184 13 33 33
-184 13 19 21
-184 13 28 44
-184 13 23 6
-184 13 9 1
-184 13 22 20
0
1
25848
2625
41609
58823
7367
63100
39420
38206
59806
45899
69521
58814
67446
51327
62539
61541
44655
27565
5743
3769
45071
66244
72016
20353
54363
46127
50457
30328
62908
33596
36518
20227
23432
69394
12396
79254
77582
18522
45450
64323
3575
41229
42714
65018
42766
75970
43122
8072
47657
2654
19865
44867
4675
33750
12847
2011
71316
47914
42472
65057
25444
71853
64634
33772
56335
10140
56365
56090
42006
73591
27132
60265
15209
61477
11602
56563
33375
80150
64072
66903
65346
12452
7558
4850
54792
2509
2577
50727
41975
31679
2175
71215
68671
53951
39780
227
4075
8228
25956
51624
80912
80913
