19
890 44 43 42
878 41 27 7
398 7 38 5
169 33 41 10
215 32 19 44
848 44 46 37
204 33 46 27
558 35 30 39
483 8 33 16
258 44 46 1
47 23 31 31
855 49 8 6
561 39 43 45
880 1 32 34
604 37 42 29
126 30 4 50
118 16 41 1
159 5 10 42
587 26 1 42
226616
147356
256736
422073
270966
21706
106889
446100
80991
68377
344174
353575
70327
242096
27295
409798
295100
83414
404745
390487
268354
363012
23934
160172
13064
241402
127785
277137
338270
231562
349903
45784
209548
184311
377999
183936
88952
325384
387565
344449
342027
91799
115964
89618
67044
7504
281586
155947
354250
180573
161520
62445
382833
158965
243809
31188
440388
160382
124310
27766
100959
137848
423765
119839
398018
54215
299378
221493
365987
45501
107185
356633
314537
283416
135804
53597
362052
303150
67827
168440
119750
407499
88193
112125
221074
70917
181532
434230
183952
154406
216165
418102
427428
42308
250033
412299
285184
393088
96429
337905
443061
186002
293646
54167
63489
264525
151755
125070
40165
134514
347409
409898
371888
99576
54886
154291
104701
24005
226004
359542
232156
95707
211212
35036
241235
287915
391443
